0.004934042750
0.005079940000
0.005259007250
0.005423635250
0.005587354250
0.005761638500
0.005932569500
0.006098002250
0.006266027750
0.006432026750
0.006599560250
0.006770297750
0.006942525500
0.007099777500
0.007267475250
0.007442906500
0.007610619000
0.007781580250
0.007959246750
0.008130401250
0.008304104250
0.008475259000
0.008644446750
0.008814200750
0.008985892000
0.009153947250
0.009318188000
0.009497135750
0.009655460750
0.009834528000
0.009998589750
0.010165751000
0.010336116000
0.010503292250
0.010686680750
0.010858670000
0.011030957250
0.011201292250
0.011367887250
0.011535302000
0.011702090500
0.011881739000
0.012052625250
0.012211784750
0.012390643500
0.012555003250
0.012718468750
0.012891620500
0.013071850000
0.013249024750
0.013417854750
0.013589352500
0.013760760250
0.013930812500
0.014088004750
0.014259159750
0.014430642000
0.014588430750
0.014767498000
0.014931574500
0.015094176000
0.015274167000
0.015449285500
0.015626460250
0.015794500750
0.015966758250
0.016136527250
0.016309321000
0.016480803500
0.016649797500
0.016819819750
0.016990676500
0.017147615500
0.017323598250
0.017489955000
0.017666801750
0.017833069000
0.018005386000
0.018183157000
0.018354773750
0.018522277500
0.018692657500
0.018866554000
0.019035771500
0.019206896500
0.019376635500
0.019545227250
0.019717529500
0.019878789750
0.020057872000
0.020221918750
0.020389065000
0.020559951750
0.020737677750
0.020902559000
0.021075666000
0.021247387000
0.021418288250
0.021588072250
0.021758437000
0.021927610000
0.022097617500
0.022258862750
0.022434875500
0.022602558250
0.022778004250
0.022942289750
0.023116067000
0.023295149250
0.023454099750
0.023627802750
0.023797795250
0.023969843750
0.024141579750
0.024307862000
0.024480506750
0.024633392750
0.024811715000
0.024979397750
0.025154843750
0.025318354250
0.025493443000
0.025663763250
0.025833740750
0.026015490250
0.026184320500
0.026355236750
0.026525557000
0.026695340750
0.026861742250
0.027028888500
0.027209982250
0.027367830250
0.027546897500
0.027710974250
0.027877554250
0.028044983500
0.028223574250
0.028398975750
0.028571605500
0.028743311750
0.028914198250
0.029085353000
0.029252767500
0.029424861000
0.029596507500
0.029766842750
0.029926553250
0.030102029500
0.030266076500
0.030433267250
0.030609250250
0.030783817250
0.030961468750
0.031129807250
0.031302392500
0.031472727750
0.031641617250
0.031813427750
0.031986296000
0.032156616500
0.032324060750
0.032496929000
0.032658115000
0.032825291250
0.033001318500
0.033167615500
0.033338740500
0.033518150250
0.033692747250
0.033860206750
0.034029618000
0.034202247750
0.034356639000
0.034530580000
0.034700349000
0.034859508250
0.035035550500
0.035201907250
0.035378724250
0.035542219750
0.035716727500
0.035895004750
0.036066711000
0.036234244500
0.036407396250
0.036577940000
0.036749839750
0.036917537500
0.037089586250
0.037257611750
0.037429899000
0.037591085000
0.037758827250
0.037934273500
0.038100570500
0.038272842750
0.038451105500
0.038614332750
0.038785785500
0.038956373750
0.039126113000
0.039295867000
0.039468079750
0.039638444750
0.039810121000
0.039956539750
0.040146738250
0.040313914500
0.040489941750
0.040654227000
0.040828555750
0.040998309750
0.041164904750
0.041346043250
0.041518286000
0.041688993500
0.041858449500
0.042027056250
0.042194515500
0.042364508000
0.042526334500
0.042703166500
0.042870029750
0.043045476000
0.043212637500
0.043379515500
0.043563202000
0.043734088500
0.043906316000
0.044078380000
0.044249281250
0.044421508750
0.044590696750
0.044759020250
0.044932141750
0.045103058250
0.045261085000
0.045437127250
0.045601978750
0.045780301250
0.045946613000
0.046118900250
0.046296596500
0.046472266500
0.046640932500
0.046812430000
0.046984463750
0.047155380250
0.047324225250
0.047495663000
0.047666221750
0.047837674750
0.047995507750
0.048172354500
0.048336386500
0.048515483750
0.048678979250
0.048852711750
0.049031227750
0.049191355750
0.049364104750
0.049536213250
0.049707323250
0.049877062500
0.050050199000
0.050220772500
0.050389409000
0.050549149500
0.050716087000
0.050891533500
0.051058709750
0.051234081250
0.051409274250
0.051572129250
0.051743671250
0.051917419000
0.052084863000
0.052256584000
0.052427485750
0.052599191750
0.052768945500
0.052926138000
0.053105294750
0.053269356500
0.053436443250
0.053611889500
0.053786203250
0.053956762000
0.054123714750
0.054304495500
0.054475992750
0.054647639250
0.054814562250
0.054986566250
0.055154889750
0.055305302250
0.055484950500
0.055660411750
0.055827289750
0.056004136750
0.056169897250
0.056337580000
0.056515336000
0.056690231000
0.056864008250
0.057034894750
0.057206019750
0.057374656250
0.057547480000
0.057718932500
0.057889819000
0.058059811500
0.058216527000
0.058395594250
0.058559611500
0.058726027750
0.058902248750
0.059075996250
0.059250518750
0.059422582250
0.059591993750
0.059765160000
0.059933796500
0.060106605250
0.060274690250
0.060448035500
0.060616672000
0.060788154500
0.060951292500
0.061117619250
0.061294451500
0.061460241750
0.061632275750
0.061811223750
0.061984941500
0.062150389000
0.062322363250
0.062494084250
0.062665581750
0.062832430000
0.063005313250
0.063176781000
0.063347354500
0.063506856750
0.063673734750
0.063850000500
0.064016357000
0.064188569750
0.064366340750
0.064529806250
0.064700961000
0.064870715000
0.065043509000
0.065214425250
0.065384969000
0.065555885500
0.065725058250
0.065884217500
0.066062554750
0.066227421250
0.066405683750
0.066569179250
0.066744268000
0.066908240250
0.067077607000
0.067249134000
0.067419692750
0.067592844500
0.067760288750
0.067933723250
0.068102881250
0.068249583250
0.068439796500
0.068603903000
0.068770989750
0.068946451000
0.069121524750
0.069295808500
0.069457098750
0.069639608250
0.069811031250
0.069982707500
0.070153653750
0.070324763750
0.070490569000
0.070667654250
0.070837080500
0.070995479750
0.071162596250
0.071338653750
0.071516916000
0.071681261000
0.071855962250
0.072034448500
0.072205931000
0.072377428250
0.072549074750
0.072718814000
0.072889953750
0.073061451250
0.073229119000
0.073400020500
0.073571503000
0.073732987000
0.073908940000
0.074076116000
0.074252143500
0.074418500250
0.074589565500
0.074767902500
0.074940130000
0.075107067750
0.075279936250
0.075451344250
0.075612574750
0.075784295750
0.075954631000
0.076125189500
0.076285779500
0.076452747000
0.076628983000
0.076795712000
0.076967984500
0.077145740500
0.077320620250
0.077487722250
0.077659174750
0.077828616000
0.078000634750
0.078171208500
0.078340992250
0.078512951750
0.078684702500
0.078844174750
0.079009652250
0.079185098500
0.079363375750
0.079527616500
0.079701438500
0.079876557000
0.080040052500
0.080209180750
0.080380320500
0.080551803000
0.080723434500
0.080893799750
0.081065520750
0.081218764000
0.081397086500
0.081564769250
0.081740215500
0.081907764000
0.082079187250
0.082249522250
0.082419008000
0.082600072250
0.082772940500
0.082941562000
0.083112672000
0.083283007250
0.083448216250
0.083619371000
0.083793655250
0.083953976500
0.084132254250
0.084296316000
0.084475427750
0.084634959750
0.084813460750
0.084992289500
0.085162639500
0.085333168500
0.085504084750
0.085675224500
0.085844412500
0.086017191500
0.086188122750
0.086357861750
0.086528435500
0.086687952250
0.086867481500
0.087031543250
0.087197825500
0.087374091000
0.087545558750
0.087723478750
0.087894991000
0.088065877500
0.088235303750
0.088407337500
0.088578462750
0.088749334250
0.088919326500
0.089090183500
0.089260578250
0.089422583500
0.089589491500
0.089765742500
0.089932069250
0.090102985500
0.090282067500
0.090445578250
0.090617850250
0.090790421000
0.090959862000
0.091129079500
0.091297671000
0.091471061000
0.091641917750
0.091802239500
0.091978699000
0.092142760750
0.092321813250
0.092485368250
0.092659905500
0.092838168000
0.092997670250
0.093171119750
0.093339145250
0.093513101250
0.093682840500
0.093852833000
0.094022587000
0.094176411750
0.094355538500
0.094522416750
0.094698667500
0.094865039000
0.095036521500
0.095207080250
0.095379665250
0.095559299000
0.095732510000
0.095901697750
0.096073910750
0.096244260750
0.096413642000
0.096578851500
0.096756845750
0.096928730500
0.097089931250
0.097254753000
0.097433686250
0.097593978000
0.097765997250
0.097949937000
0.098118305250
0.098289206500
0.098461419500
0.098630577500
0.098800569750
0.098973766000
0.099141836000
0.099312380000
0.099483847750
0.099646419250
0.099812761000
0.099988818250
0.100155398250
0.100331381000
0.100504785750
0.100680261750
0.100851684750
0.101023391000
0.101195454500
0.101365983500
0.101534575000
0.101706892250
0.101879477500
0.102049052750
0.102221891250
0.102380261000
0.102559894250
0.102723390000
0.102890342500
0.103066593500
0.103240311250
0.103403434000
0.103573188250
0.103744685750
0.103915810500
0.104086726750
0.104257285500
0.104426458500
0.104599282250
0.104759931500
0.104935959000
0.105100810500
0.105267182000
0.105443432750
0.105617165750
0.105787500750
0.105951786000
0.106120377750
0.106290936500
0.106460705500
0.106631830250
0.106802746750
0.106974080250
0.107134953000
0.107301831250
0.107478082250
0.107641562750
0.107813641500
0.107994988500
0.108151033500
0.108322203250
0.108491346250
0.108662292500
0.108835160750
0.109003141500
0.109175473250
0.109335512000
0.109500423000
0.109676376000
0.109854728000
0.110021829750
0.110192716000
0.110371291500
0.110542133500
0.110702768000
0.110882401500
0.111052170250
0.111223876500
0.111394226500
0.111564010250
0.111733987750
0.111891642000
0.112067908000
0.112246170500
0.112411603250
0.112577378750
0.112748816500
0.112923398500
0.113101646250
0.113275617500
0.113443136250
0.113613456500
0.113784522000
0.113954857000
0.114124849500
0.114296317250
0.114466309750
0.114623591250
0.114801853750
0.114966720500
0.115144983000
0.115309342750
0.115483060500
0.115660756750
0.115829646750
0.116001650750
0.116172775750
0.116340816000
0.116514027000
0.116685152000
0.116855487250
0.117028698500
0.117196202250
0.117358759000
0.117525130500
0.117701128250
0.117868259500
0.118039175750
0.118218213250
0.118392035500
0.118564605750
0.118735164500
0.118903756250
0.119076624500
0.119245246000
0.119416713750
0.119588911750
0.119758695250
0.119916752000
0.120092228000
0.120257094500
0.120435312250
0.120601684000
0.120773911250
0.120952278250
0.121115401250
0.121286317750
0.121456638000
0.121627211500
0.121798694000
0.121971294250
0.122141048500
0.122310236000
0.122469976500
0.122636333250
0.122813165250
0.122979521750
0.123151183000
0.123329520250
0.123500347000
0.123666942000
0.123847514500
0.124019816500
0.124191224500
0.124358728500
0.124529883250
0.124697893750
0.124867886250
0.125046730000
0.125207051500
0.125383064250
0.125549435500
0.125726267500
0.125885784750
0.126058012250
0.126239150750
0.126410633500
0.126581773250
0.126753211000
0.126922071000
0.127093911250
0.127264797750
0.127436533500
0.127608507750
0.127780258500
0.127938613250
0.128115400750
0.128281801750
0.128448128750
0.128620386000
0.128798723250
0.128974393000
0.129145219750
0.129316136250
0.129486098750
0.129657045000
0.129828751000
0.130001291500
0.130172207750
0.130340471750
0.130510807000
0.130673438250
0.130839810000
0.131016552500
0.131182938750
0.131358385000
0.131533503500
0.131696358250
0.131869256500
0.132039964250
0.132210299500
0.132380291750
0.132552862250
0.132721185500
0.132893741250
0.133053496500
0.133229524000
0.133393570750
0.133560747000
0.133736208000
0.133910715500
0.134078175000
0.134247928750
0.134417951000
0.134588822750
0.134761691250
0.134933084250
0.135101765250
0.135273412000
0.135443747000
0.135606363250
0.135773241750
0.135949492500
0.136115864000
0.136286199000
0.136465847250
0.136622548250
0.136797636750
0.136971220250
0.137134075000
0.137304142000
0.137476757250
0.137648418500
0.137792602250
0.137982830250
0.138148278000
0.138314053500
0.138490826000
0.138664573500
0.138833448250
0.139000296500
0.139181479750
0.139353767000
0.139522329000
0.139695212250
0.139864981250
0.140031874250
0.140200764000
0.140379592750
0.140539303500
0.140705704750
0.140882447250
0.141048833750
0.141216263250
0.141399353750
0.141573652500
0.141741976000
0.141913414000
0.142085865000
0.142255857500
0.142426192750
0.142596751500
0.142768740500
0.142938494750
0.143111348250
0.143273681250
0.143440857500
0.143616885000
0.143783986500
0.143955469000
0.144133225000
0.144306033750
0.144476920250
0.144647479000
0.144816085750
0.144988149250
0.145160377000
0.145327925750
0.145500108750
0.145670443750
0.145828887750
0.145996540750
0.146172017000
0.146339163250
0.146514624250
0.146689713000
0.146867409250
0.147028505750
0.147201851000
0.147372201000
0.147544488250
0.147715985750
0.147884577500
0.148055702500
0.148227676750
0.148385778000
0.148564025750
0.148728132250
0.148895278500
0.149070710000
0.149245828500
0.149409860500
0.149580448750
0.149751365000
0.149923935750
0.150092736000
0.150263100750
0.150436505750
0.150605708500
0.150761842750
0.150940880250
0.151107743500
0.151284575500
0.151450410500
0.151622697750
0.151793018000
0.151961624500
0.152143389000
0.152312561750
0.152483701500
0.152656853250
0.152825444750
0.152992054750
0.153161779000
0.153337478750
0.153496995500
0.153663352250
0.153840124750
0.154006481250
0.154173642250
0.154357031000
0.154532149500
0.154700726250
0.154874533500
0.155047327500
0.155217647500
0.155386477750
0.155555740000
0.155730039000
0.155901148750
0.156073153250
0.156231761000
0.156410083250
0.156574159750
0.156740739750
0.156912162750
0.157092273250
0.157266572000
0.157438799750
0.157608568750
0.157781169000
0.157952323500
0.158106118250
0.158278912250
0.158449277250
0.158611074000
0.158775389250
0.158951387000
0.159118503250
0.159294545750
0.159468561500
0.159646809250
0.159815415750
0.159985959500
0.160157486750
0.160330265750
0.160498917000
0.160672053750
0.160842031250
0.161011829750
0.161182388500
0.161343053000
0.161521330500
0.161686167000
0.161852553500
0.162032008000
0.162203475750
0.162374049500
0.162541508500
0.162714690000
0.162882954000
0.163053870250
0.163225010000
0.163397580500
0.163567900500
0.163720294750
0.163899123750
0.164066299750
0.164242267500
0.164408609250
0.164580330250
0.164750665500
0.164925202750
0.165102303000
0.165273443000
0.165444925500
0.165613532000
0.165788054500
0.165953263750
0.166124403500
0.166299849750
0.166457131500
0.166633322750
0.166800260500
0.166976511500
0.167137026750
0.167310401750
0.167493283750
0.167664081000
0.167836949250
0.168008476500
0.168180078250
0.168348193250
0.168518498500
0.168691903250
0.168862819500
0.169033378500
0.169189497750
0.169367760250
0.169532627000
0.169710904500
0.169878065500
0.170046627500
0.170228034250
0.170398920750
0.170567557250
0.170739278250
0.170911267500
0.171082377500
0.171253308500
0.171423047750
0.171594187750
0.171763345500
0.171924233250
0.172102913250
0.172266975000
0.172433570000
0.172605067500
0.172784700750
0.172951638750
0.173120469000
0.173291370250
0.173462793250
0.173635095500
0.173803687000
0.173975408000
0.174145728500
0.174302935500
0.174479767500
0.174643829500
0.174811005750
0.174989268250
0.175160393000
