0.005023330500
0.006156146500
0.007292136500
0.008427828500
0.009552762000
0.010688096250
0.011813044500
0.012950122250
0.014085218250
0.015210971250
0.016346678250
0.017482370000
0.018608108250
0.019742652750
0.020868390750
0.022004083000
0.023139670500
0.024265945000
0.025401592250
0.026538729500
0.027663067000
0.028799057000
0.029923349500
0.031059593000
0.032195612750
0.033320486500
0.034457042750
0.035592735000
0.036717623500
0.037852406500
0.038977906000
0.040115043500
0.041248977250
0.042375013250
0.043510988250
0.044646129000
0.045773029250
0.046907574000
0.048032701000
0.049169018750
0.050303548500
0.051430448750
0.052565530000
0.053701520000
0.054826975000
0.055961415250
0.057087674750
0.058223977750
0.059358760750
0.060484811750
0.061621070000
0.062757045000
0.063879683500
0.065014451750
0.066142216500
0.067279294000
0.068413317000
0.069539353250
0.070675328500
0.071810439250
0.072937846000
0.074071884250
0.075196743000
0.076334983000
0.077469021250
0.078595280750
0.079731032250
0.080866947750
0.081991881250
0.083125844500
0.084252163750
0.085388452000
0.086523219750
0.087649300750
0.088785007500
0.089921891750
0.091046840000
0.092182159500
0.093306571250
0.094444558000
0.095580473500
0.096704274250
0.097840771000
0.098975911750
0.100101620000
0.101236194250
0.102361113000
0.103498757000
0.104633912500
0.105759620500
0.106894776250
0.108029931750
0.109156161500
0.110290795500
0.111416414500
0.112552806750
0.113687336250
0.114814162250
0.115949317750
0.117085233250
0.118210747750
0.119346082250
0.120471075250
0.121607333250
0.122742474000
0.123869165750
0.125005066500
0.126140192250
0.127265140250
0.128390804000
0.129511788500
0.130646541750
0.131782829750
0.132909491750
0.134041458500
0.135169208000
0.136306271000
0.137440815500
0.138567134750
0.139703422750
0.140839681000
0.141964256750
0.143099367750
0.144224539250
0.145361975000
0.146496012750
0.147621691250
0.148756802250
0.149892792250
0.151018217000
0.152153641000
0.153279096000
0.154415398750
0.155550629000
0.156676650250
0.157803476000
0.158937513750
0.160070941000
0.161205783500
0.162334040000
0.163467183750
0.164601728250
0.165731191750
0.166867733000
0.168003425000
0.169128611500
0.170263722500
0.171388909250
0.172525733500
0.173659727000
0.174786567750
0.175921723250
0.177057668500
0.178183153250
0.179317668250
0.180443406000
0.181580260250
0.182715669250
0.183841154000
0.184967190000
0.186102018000
0.187234312250
0.188369467750
0.189498379750
0.190632045250
0.191766098250
0.192895516750
0.194032058000
0.195168331250
0.196293443500
0.197428613750
0.198552921250
0.199690058750
0.200824022250
0.201951444250
0.203086033250
0.204221963750
0.205348044500
0.206482008000
0.207608342000
0.208744585500
0.209879934750
0.211005464250
0.212141141250
0.213266834750
0.214397475000
0.215533390500
0.216662287750
0.217795178250
0.218929946500
0.220060005750
0.221196904750
0.222332686250
0.223458364500
0.224593490250
0.225717261500
0.226854339250
0.227988928500
0.229115754250
0.230250939750
0.231386035500
0.232512906250
0.233646899500
0.234772622500
0.235909447250
0.237044066250
0.238170281250
0.239305496250
0.240441381750
0.241566956000
0.242693767000
0.243824318000
0.244960591250
0.246096551500
0.247224927000
0.248358026000
0.249492019250
0.250621482750
0.251756832000
0.252881780250
0.254018858000
0.255153835000
0.256277769750
0.257412955000
0.258548081000
0.259677216500
0.260812327250
0.261937499000
0.263073772250
0.264207810250
0.265334636000
0.266470328000
0.267606318000
0.268731773000
0.269861236250
0.270989224500
0.272123769000
0.273259744000
0.274389177750
0.275521710500
0.276656314750
0.277785792750
0.278921708250
0.280046090500
0.281183168250
0.282318264250
0.283443793750
0.284579709250
0.285715401000
0.286841139000
0.287976101250
0.289101004500
0.290238693500
0.291373208000
0.292498961000
0.293634668000
0.294770628250
0.295896113000
0.297030687500
0.298156380500
0.299288123750
0.300419509250
0.301551252500
0.302685260750
0.303822293750
0.304950654500
0.306082591500
0.307210892500
0.308347165500
0.309483155750
0.310608089000
0.311744630250
0.312880337250
0.314005479250
0.315140038750
0.316264972250
0.317402631250
0.318536549750
0.319663450000
0.320798993000
0.321934104000
0.323061004250
0.324194967750
0.325320691000
0.326456993750
0.327583819750
0.328714445250
0.329848408500
0.330986052750
0.332114979750
0.333246916500
0.334375247500
0.335511520500
0.336647510500
0.337772399000
0.338909462250
0.340045213750
0.341169521250
0.342304930000
0.343429803750
0.344566866750
0.345700904750
0.346827730750
0.347963482250
0.349098593000
0.350224867500
0.351358890500
0.352485150250
0.353621900000
0.354755833750
0.355882734250
0.357008785000
0.358143538250
0.359276429000
0.360410437000
0.361539602250
0.362671897000
0.363807246250
0.364937275750
0.366074383250
0.367210030500
0.368333846250
0.369469791750
0.370594129000
0.371731788000
0.372866973250
0.373991847000
0.375127762750
0.376262381500
0.377389162750
0.378523245500
0.379649460250
0.380785763250
0.381920337750
0.383047163500
0.384172707750
0.385308027500
0.386441320250
0.387575358250
0.388704434000
0.389837309750
0.390972122500
0.392101615500
0.393237889000
0.394374385500
0.395498752500
0.396634101750
0.397759035250
0.398896113000
0.400030151000
0.401156157250
0.402292654000
0.403330579500
0.403317883500
0.403328359250
0.403313294000
0.403310850250
0.403321311000
0.403322398750
0.403331712000
0.403318315750
0.403329566000
0.403339460500
0.403340488750
0.403349787000
0.403337195500
0.403348595000
0.403357997500
0.403359577000
0.403369501250
0.403356894750
0.403367355500
0.403376653750
0.403378278250
0.403385296500
0.403388589500
0.403385386000
0.403343245500
0.403396919250
0.403352752250
0.403393685750
0.403403535500
0.403414249500
0.403370708250
0.403410166500
0.403411731250
0.403422236250
0.403380006750
0.403419494500
0.403428271500
0.403430447000
0.403397679500
0.403451591750
0.403408080250
0.403409093750
0.403405875000
0.403459414750
0.403417214750
0.403456687750
0.403414517750
0.403468161750
0.403434857750
0.403435871000
0.403445780250
0.403446257000
0.403457328750
0.403466641750
0.403468802500
0.403476968500
0.403437093000
0.403490752000
0.403447434250
0.403500571750
0.403468370250
0.403469950000
0.403479844250
0.403491169250
0.403491392750
0.403500691000
0.403501719250
0.403498560250
0.403509825500
0.403495833250
0.403505936250
0.403506741000
0.403517618750
0.403528884000
0.403514340500
0.403525099250
0.403511092250
0.403520941750
0.403521999500
0.403533011750
0.403543129500
0.403543964000
0.403539016750
0.403540075000
0.403551668000
0.403562471250
0.403562665000
0.403558001000
0.403545126250
0.403553322000
0.403541252000
0.403552338500
0.403562441500
0.403563782500
0.403573677000
0.403559908250
0.403570994750
0.403581663750
0.403581977000
0.403592437500
0.403564959750
0.403604298750
0.403560966250
0.403614625250
0.403582692000
0.403623297750
0.403578609250
0.403632551500
0.403590664250
0.403601348500
0.403587937500
0.403641074750
0.403598338250
0.403651416250
0.403619483000
0.403620868750
0.403616190000
0.403616428500
0.403628602750
0.403638139250
0.403638944250
0.403650194500
0.403660729500
0.403658643500
0.403617546000
0.403671279500
0.403639927500
0.403692439000
0.403650030500
0.403660729500
0.403661951250
0.403672635500
0.403672337500
0.403670489750
0.403679862500
0.403694823500
0.403662845500
0.403717741250
0.403672650250
0.403673485000
0.403685063000
0.403695210750
0.403696000500
0.403707847000
0.403718292750
0.403717458250
0.403728097750
0.403727784750
0.403725415500
0.403736412750
0.403736904250
0.403746187750
0.403746441000
0.403744652750
0.403701081750
0.403756112000
0.403711423250
0.403762281000
0.403732642500
0.403734326250
0.403745666000
0.403755560500
0.403756350250
0.403751671250
0.403752476000
0.403763741250
0.403773635750
0.403775230000
0.403784603000
0.403784841250
0.403752818750
0.403792366250
0.403793945750
0.403789058500
0.403789848000
0.403801113250
0.403811574000
0.403812617250
0.403807699500
0.403809294000
0.403820336000
0.403830811500
0.403786897500
0.403825849500
0.403827458750
0.403837919250
0.403794929500
0.403849393250
0.403844922750
0.403846502250
0.403813779250
0.403862387000
0.403824076000
0.403824329250
0.403836712250
0.403875127500
0.403833448750
0.403872385500
0.403828844500
0.403883308250
0.403850540500
0.403852179500
0.403847247250
0.403896466000
0.403859332000
0.403864637000
0.403870254750
0.403879582750
0.403879851250
0.403892264000
0.403897598250
0.403902560500
0.403909668500
0.403919175250
0.403880760000
0.403931617750
0.403892800250
0.403898716000
0.403904199750
0.403911784250
0.403899520500
0.403911918500
0.403917282750
0.403922841000
0.403929323000
0.403916731500
0.403926596000
0.403935939000
0.403941482250
0.403933778500
0.403937667500
0.403945267000
0.403955236250
0.403945431000
0.403952509000
0.403955757750
0.403963983000
0.403973877250
0.403964668500
0.403970584500
0.403974473500
0.403982058000
0.403981998750
0.403982803250
0.403989300000
0.403993115000
0.404000803750
0.404012471500
0.404001250750
0.404007792500
0.404011652000
0.404019266250
0.403981074750
0.404020577750
0.404025927250
0.404030338000
0.403994709250
0.404049828750
0.404006183250
0.404018014750
0.404020592500
0.404027044750
0.404031500250
0.404039681000
0.404050394750
0.404053509250
0.404046893000
0.404049634750
0.404045313750
0.404055431500
0.404055118500
0.404063835750
0.404068246250
0.404063433500
0.404072955250
0.404073208750
0.404083713750
0.404084518750
0.404052332000
0.404094323500
0.404092297000
0.404101282500
0.404103219500
0.404101133500
0.404103309000
0.404110372000
0.404071018000
0.404109984750
0.404118359000
0.404122024750
0.404084697500
0.404134094750
0.404097333500
0.404138222250
0.404094606500
0.404146596750
0.404093027000
0.404145032000
0.404105678000
0.404158815750
0.404110088750
0.404156133500
0.404119327750
0.404168188750
0.404130250250
0.404136836500
0.404142752250
0.404183968750
0.404142886250
0.404149383500
0.404154941500
0.404194995750
0.404150828750
0.404161036000
0.404167443750
0.404173642500
0.404165312500
0.404170155500
0.404180824750
0.404190152750
0.404191732500
0.404183447250
0.404188454250
0.404198885000
0.404208272750
0.404196739250
0.404205560500
0.404207170000
0.404217019750
0.404226914000
0.404214292750
0.404223621000
0.404197976000
0.404206708000
0.404208689750
0.404218599250
0.404229611250
0.404234111250
0.404225230250
0.404231950750
0.404246390000
0.404247194500
0.404237970500
0.404243886500
0.404255151750
0.404265031000
0.404265835750
0.404261738250
0.404262542750
0.404273301250
0.404283747250
0.404284775250
0.404279887750
0.404280692250
0.404292524000
0.404301852000
0.404303431500
0.404312819250
0.404271498250
0.404325455500
0.404281839750
0.404293090250
0.404278040000
0.404331535000
0.404300734250
0.404300958000
0.404311642000
0.404322698750
0.404323130750
0.404332518750
0.404332712250
0.404345125000
0.404302105500
0.404356047500
0.404322758250
0.404351353500
0.404320031500
0.404373109250
0.404360518000
0.404370352500
0.404370919000
0.404382437500
0.404338330250
0.404378652500
0.404435798500
