0.004987001500
0.006116986250
0.007252976500
0.008388668250
0.009514183000
0.010649532250
0.011773899250
0.012911543250
0.014046073000
0.015171021250
0.016308099000
0.017443224750
0.018568948000
0.019704073750
0.020829245500
0.021965503500
0.023195609500
0.024319976750
0.025456816000
0.026593312500
0.027717098750
0.028853088500
0.029977396250
0.031115025250
0.032264620000
0.033387065000
0.034523010250
0.035658150750
0.036787271500
0.037921875750
0.039046749500
0.040183842250
0.041317850500
0.042444631500
0.043580457500
0.044716358000
0.045841842750
0.046975806500
0.048101544250
0.049239009500
0.050373762750
0.051499307250
0.052634999000
0.053770914750
0.054895848000
0.056031197250
0.057156101000
0.058292970000
0.059427768000
0.060553848750
0.061689779250
0.062825516000
0.063951775500
0.065085813500
0.066211059500
0.067348137500
0.068482741750
0.069609001250
0.070744186500
0.071879297500
0.073006138250
0.074140727500
0.075266405750
0.076403260250
0.077537283250
0.078663542750
0.079798728250
0.080934643750
0.082060158250
0.083195507500
0.084321007250
0.085457861500
0.086593210750
0.087718158750
0.088854655500
0.089990332750
0.091115281000
0.092250630250
0.093374982500
0.094512641500
0.095647230750
0.096773490500
0.097908616000
0.099044188750
0.100170478250
0.101305082500
0.102430761000
0.103566989250
0.104701638250
0.105828434250
0.106963649250
0.108099550250
0.109225556250
0.110360205250
0.111485257750
0.112621650000
0.113756969750
0.114883005500
0.116019532000
0.117154672750
0.118280142750
0.119414970250
0.120539888750
0.121676951500
0.122811496250
0.123937621750
0.125074118250
0.126209229250
0.127334967250
0.128460422000
0.129591539500
0.130728140500
0.131863638750
0.132992774250
0.134125098500
0.135260418000
0.136389911250
0.137524530250
0.138649627750
0.139785900750
0.140922442000
0.142047315750
0.143183022750
0.144320160250
0.145443856500
0.146579295500
0.147704169250
0.148841023500
0.149975836250
0.151101872500
0.152238428750
0.153373539250
0.154499277500
0.155628711000
0.156744495000
0.157879903750
0.159016177250
0.160143018000
0.161274224500
0.162402495750
0.163539633250
0.164675161250
0.165800839750
0.166936561500
0.168073087750
0.169197991500
0.170332580750
0.171457752500
0.172594025750
0.173728838500
0.174855440750
0.175991147750
0.177127048250
0.178251996500
0.179386809500
0.180512279250
0.181649148500
0.182783961250
0.183909967500
0.185036778500
0.186170816500
0.187304511750
0.188438504750
0.189566850750
0.190699935000
0.191834539000
0.192965358500
0.194100529000
0.195236757250
0.196361869500
0.197497099750
0.198622569500
0.199758336000
0.200892880500
0.202019691500
0.203155473000
0.204291358500
0.205417409500
0.206553399750
0.207677185500
0.208813458500
0.209948212000
0.211074307500
0.212205678250
0.213336259000
0.214466884750
0.215601667750
0.216731160750
0.217864841250
0.218998789750
0.220129668750
0.221265941750
0.222401619000
0.223526209750
0.224661395000
0.225784272000
0.226920530250
0.228054493750
0.229184195250
0.230319395500
0.231455713500
0.232581153500
0.233715221250
0.234841466000
0.235978275500
0.237113714250
0.238238558000
0.239375144250
0.240510270000
0.241635218250
0.242762014250
0.243881791750
0.245017171000
0.246152907500
0.247279465250
0.248411491750
0.249539181500
0.250676319000
0.251811474750
0.252936929500
0.254073470750
0.255209192500
0.256334334750
0.257468298000
0.258594632000
0.259731441750
0.260865435000
0.261992290500
0.263128042250
0.264264330250
0.265389263750
0.266523823250
0.267649561000
0.268781289500
0.269912079000
0.271044373500
0.272179216000
0.273315489500
0.274443820250
0.275576353000
0.276704102750
0.277841165750
0.278976366000
0.280101239500
0.281237795750
0.282373488000
0.283499166250
0.284633189250
0.285758644250
0.286895796750
0.288029745250
0.289156585750
0.290292337500
0.291428849250
0.292553201250
0.293687746000
0.294813484000
0.295950323250
0.297080949000
0.298208162000
0.299343288000
0.300480410500
0.301608696750
0.302741274250
0.303868442750
0.305004715750
0.306140676000
0.307265564750
0.308403194000
0.309538930500
0.310663521250
0.311798080750
0.312922969500
0.314060017250
0.315194681500
0.316320926000
0.317457199000
0.318592384500
0.319718063000
0.320852667000
0.321978330750
0.323115155250
0.324250564000
0.325375422750
0.326502159000
0.327636927250
0.328768625750
0.329904988250
0.331033319250
0.332165628750
0.333300411750
0.334430456000
0.335566967500
0.336702659750
0.337827608000
0.338962942250
0.340087294750
0.341225534750
0.342359557750
0.343485802250
0.344621509500
0.345756694750
0.346882373000
0.348016992250
0.349142640750
0.350279510000
0.351414114250
0.352540359000
0.353676051000
0.354802966250
0.355932370000
0.357066974000
0.358197212250
0.359330058250
0.360464900500
0.361594334250
0.362731278000
0.363867014750
0.364991918000
0.366127863500
0.367252215750
0.368389874500
0.369523808250
0.370649352500
0.371786385750
0.372921541500
0.374047294250
0.375181779250
0.376307562000
0.377443805250
0.378578454250
0.379704699000
0.380840390750
0.381976366000
0.383101835750
0.384227305750
0.385359302000
0.386494383250
0.387630313750
0.388759225500
0.389890998500
0.391026392750
0.392155811250
0.393291220000
0.394416094000
0.395553618750
0.396688163250
0.397814169500
0.398951307000
0.400086447750
0.401211604500
0.402346149000
0.403385713750
0.403373107250
0.403137833000
0.403148502250
0.403158456000
0.403197899500
0.403140887500
0.403194621000
0.403190508500
0.403191313000
0.403187215250
0.403187439000
0.403198480500
0.403209239250
0.403166770750
0.403220713250
0.403177678500
0.403187632500
0.403188079500
0.403199687500
0.403210371750
0.403196975500
0.403207078750
0.403207138250
0.403218761000
0.403229445250
