0.004973158250
0.006037712000
0.007107153750
0.008170008750
0.009241104000
0.010302320000
0.011374905750
0.012443155250
0.013518020500
0.014586180250
0.015654847000
0.016719967000
0.017792210000
0.018856227500
0.019914850750
0.020985722500
0.022051721750
0.023131653750
0.024201363250
0.025272458750
0.026337102250
0.027405321750
0.028464809000
0.029525861000
0.030594646750
0.031659811750
0.032742873000
0.033810317500
0.034878313750
0.035945445500
0.037011161250
0.038074329500
0.039134383250
0.040203735250
0.041271209750
0.042354628500
0.043421149250
0.044488564000
0.045557409500
0.046624302750
0.047682047000
0.048755437000
0.049822852000
0.050896823250
0.051966533250
0.053033441250
0.054102793250
0.055164560750
0.056236222500
0.057295188250
0.058363974000
0.059432029750
0.060510233000
0.061578348250
0.062649741750
0.063718542500
0.064785465500
0.065845519250
0.066884219500
0.067952752250
0.069011375250
0.070079952250
0.071148202000
0.072226405250
0.073297873000
0.074366122500
0.075432479500
0.076499596250
0.077557310500
0.078621938750
0.079691305750
0.080774754250
0.081842377750
0.082909837250
0.083976745500
0.085045531250
0.086111858500
0.087174996750
0.088242963000
0.089311242000
0.090390086250
0.091456383500
0.092526763750
0.093596458500
0.094660714500
0.095725357500
0.096785992250
0.097854793000
0.098912581750
0.100002989250
0.101070448750
0.102140769250
0.103208452500
0.104276433500
0.105321913750
0.106387093750
0.107449099500
0.108528509750
0.109605088750
0.110677823500
0.111744731500
0.112816393250
0.113885030000
0.114945635250
0.116017818500
0.117100060000
0.118173465250
0.119242608500
0.120314613000
0.121385708500
0.122446328500
0.123518943750
0.124600663750
0.125674530750
0.126744926000
0.127816260000
0.128890261000
0.129948571500
0.131020233250
0.132101878500
0.133174523750
0.134243354250
0.135310188000
0.136385321750
0.137444749500
0.138518169750
0.139586135750
0.140668407250
0.141743466500
0.142814323250
0.143882572750
0.144946038500
0.146019190500
0.147087484750
0.148167967750
0.149238482000
0.150309354250
0.151381969500
0.152446776500
0.153507992750
0.154589116750
0.155668497000
0.156739577750
0.157811030750
0.158876762000
0.159948438500
0.161021024000
0.162089869250
0.163169235000
0.164238378250
0.165310040000
0.166382044500
0.167449742500
0.168510377250
0.169590324250
0.170663699500
0.171737983750
0.172808483250
0.173879355000
0.174950435750
0.176011636750
0.177079677500
0.178166702500
0.179237574500
0.180309787250
0.181379526750
0.182447523000
0.183512956000
0.184577539500
0.185646712750
0.186725601500
0.187796697000
0.188868135250
0.189938441000
0.191006124000
0.192062154250
0.193145185750
0.194220632500
0.195296079000
0.196365431000
0.197434529500
0.198507383500
0.199565768250
0.200637206250
0.201720193000
0.202789947500
0.203863278000
0.204933583750
0.206000685750
0.207062482750
0.208135038500
0.209206104250
0.210287794500
0.211360559000
0.212432026750
0.213502317750
0.214563220750
0.215623840750
0.216704994500
0.217784360250
0.218854069750
0.219925165250
0.220997169750
0.222064867750
0.223125502500
0.224179491250
0.225247532000
0.226334899500
0.227391794500
0.228475704750
0.229547366500
0.230616003250
0.231677144750
0.232745975250
0.233832195500
0.234903291000
0.235974147750
0.237045019750
0.238113269250
0.239171609250
0.240247234750
0.241314709250
0.242398336500
0.243467480000
0.244538933000
0.245610580000
0.246674597250
0.247736439000
0.248816460250
0.249894678750
0.250960067000
0.252037733750
0.253108873750
0.254175737500
0.255249619500
0.256317704750
0.257395967750
0.258466497000
0.259537905500
0.260606735750
0.261677593000
0.262735411500
0.263798460250
0.264871657000
0.265951812250
0.267021030250
0.268092438500
0.269164100250
0.270231515250
0.271293550750
0.272370681000
0.273450851250
0.274521723500
0.275589749000
0.276661992000
0.277731716750
0.278794854750
0.279862657250
0.280950024500
0.282021105250
0.283092558250
0.284163057750
0.285233929750
0.286292299500
0.287363976250
0.288447320500
0.289521858250
0.290590420250
0.291664391750
0.292734667750
0.293795868750
0.294865235750
0.295948639500
0.297019735000
0.298089429750
0.299156338000
0.300229668500
0.301289767000
0.302363678750
0.303431153250
0.304515287250
0.305582791500
0.306655377250
0.307726427750
0.308791026500
0.309865012750
0.310932263750
0.312012747000
0.313083350750
0.314153030500
0.315226942500
0.316292196500
0.317353338250
0.318433553000
0.319509551000
0.320584029000
0.321652665750
0.322722002750
0.323792860000
0.324854090750
0.325922906500
0.327008575250
0.328080803000
0.329151660250
0.330222502500
0.331294700500
0.332352533750
0.333424180750
0.334505289750
0.335576728000
0.336650639750
0.337719828000
0.338792070750
0.339854359750
0.340925410250
0.342008099000
0.343076139750
0.344147220250
0.345216930000
0.346286356500
0.347350955000
0.348422959500
0.349491745250
0.350566566000
0.351640552250
0.352712571500
0.353782475000
0.354850530500
0.355906561000
0.356992498000
0.358063355250
0.359141796750
0.360212087500
0.361281290750
0.362351790000
0.363410696250
0.364482358000
0.365564018500
0.366635486500
0.367710530750
0.368778586500
0.369845703250
0.370912015250
0.371983110750
0.373050987750
0.374133750750
0.375207692500
0.376275688500
0.377347916500
0.378408581000
0.379476010750
0.380552262000
0.381632194000
0.382706746500
0.383776426250
0.384844437250
0.385909289250
0.386981859750
0.388050690500
0.389132916750
0.390204608500
0.391270324500
0.392345190250
0.393411144750
0.394483164000
0.395551934750
0.396634221000
0.397702828000
0.398776173750
0.399846419750
0.400911331000
0.401984408500
0.403045863000
0.403053313500
0.403027922000
0.403030693500
0.403020098750
0.403022259250
0.403018519250
0.403127998000
0.403014078750
0.403113857000
0.403112098750
0.403110012500
0.403102278750
0.403092503750
0.403099000500
0.403082430500
0.403088838000
0.403059736000
0.403073072500
0.403164297500
0.403056726000
0.403166130250
0.403048888000
0.403149187750
0.403150573500
0.403134003250
0.403139337750
0.403128400250
0.403130918750
0.403110087000
0.403116047250
0.403110087000
0.403103083250
0.403174504750
0.403182312750
0.403168902000
0.403164580500
0.403151392750
0.403154984000
0.403148100000
0.403148278500
0.403129801000
0.403133124250
0.403223738250
0.403116136750
0.403205692750
0.403206720750
0.403191015250
0.403194114500
0.403185442000
0.403186842750
0.403167933250
0.403177291250
0.403171762750
0.403163135000
0.403257250750
0.403152465750
0.403260812250
0.403204158000
0.403188154250
0.403196126250
0.403178960250
0.403190583000
0.403279215000
0.403171926750
0.403260350250
0.403269887000
0.403262734250
0.403263196250
0.403245270250
0.403240904250
0.403215766000
0.403225660250
0.403316020750
0.403212681500
0.403305068500
0.403309553750
0.403299525250
0.403303369750
0.403284847750
0.403292134500
0.403279289500
0.403285250000
0.403279394000
0.403273925250
0.403270408500
0.403264433000
0.403351113250
0.403246343250
0.403355658000
0.403312265750
0.403290331500
0.403301954250
0.403284743500
0.403286650750
0.403270110500
0.403279960250
0.403374314250
0.403265893250
0.403357148250
0.403366714750
0.403339609500
0.403345808500
0.403324425250
0.403332069500
0.403318271000
0.403319627250
0.403303563500
0.403306141500
0.403408423000
0.403299927750
0.403390646000
0.403392240250
0.403375431750
0.403382703750
0.403378397250
0.403374627250
0.403366014250
0.403357520750
0.403361350250
0.403340592750
0.403349325000
0.403330445250
0.403444469000
0.403430700250
0.403420120500
0.403413191500
0.403417393500
0.403402820250
0.403410136750
0.403385326250
0.403394356250
0.403379798000
0.403383433750
0.403365105500
0.403481930500
0.403469890500
0.403472408500
0.403451606500
0.403462276000
0.403448298500
0.403443619500
0.403430789750
0.403427839250
0.403413295750
0.403415754500
0.403395786750
0.403512448000
0.403490185750
0.403496086500
0.403471276000
0.403472334250
0.403454274000
0.403454780500
0.403436213750
0.403531089500
0.403525129000
0.403525337500
0.403507053750
0.403512418250
0.403496921000
0.403503373250
0.403491094750
0.403493806750
0.403476476500
0.403486594500
0.403470248000
0.403479084500
0.403473809250
0.403575375750
0.403560459500
0.403566390250
0.403565645250
0.403558537500
0.403551340000
0.403545007000
0.403528526250
0.403525591000
0.403520673500
0.403506130000
0.403498053750
0.403599605000
0.403580129000
0.403586641000
0.403583988750
0.403577640750
0.403574988250
0.403565257750
0.403568893500
0.403551727500
0.403558209500
0.403536796500
0.403549239000
0.403634756750
0.403533399000
0.403624087500
0.403624892250
0.403609991000
0.403620466500
0.403604448000
0.403607487750
0.403600335250
0.403607070500
0.403603330250
0.403595775250
0.403590768750
0.403582140750
0.403673365750
0.403567776000
0.403675153750
0.403665170000
0.403657078750
0.403651058750
0.403644472500
0.403640404500
0.403638392750
0.403623476500
0.403623104000
0.403610512750
0.403611287500
0.403591647750
0.403707534250
0.403694674500
0.403690025250
0.403677165500
0.403679162250
0.403659686250
0.403647959250
0.403642729000
0.403729453750
0.403727948500
0.403712526000
0.403717830750
0.403715983250
0.403710410000
0.403704598500
0.403697431000
0.403688013500
0.403680518250
0.403681322750
0.403662443000
0.403749719250
0.403758436250
0.403753772250
0.403748363250
0.403739705750
0.403733685500
0.403726473500
0.403717309250
0.403721496250
0.403704345250
0.403710782500
0.403701067000
0.403804838500
0.403788537000
0.403790146250
0.403776153750
0.403782308000
0.403772861000
0.403775915500
0.403758749250
0.403766975000
0.403752639750
0.403754577000
0.403753727750
0.403748825000
0.403744489000
0.403738707250
0.403738960500
0.403841242000
0.403836920750
0.403826892250
0.403825104250
0.403814494500
0.403808757750
0.403791859750
0.403796658000
0.403778925500
0.403779685500
0.403765395250
0.403771847500
0.403865650250
0.403873294500
0.403854176250
0.403862550750
0.403837189000
0.403843879750
0.403831660750
0.403830707000
0.403814151750
0.403819471500
0.403909281000
0.403813392000
0.403903305500
0.403803050500
0.403897747250
0.403900474500
0.403883054750
0.403875544500
0.403865531250
0.403867498000
0.403848022250
0.403854534000
0.403856128500
0.403850078500
0.403844609750
0.403833136000
0.403942048500
0.403939679250
0.403929099500
0.403923273000
0.403922915500
0.403904378500
0.403905406500
0.403887450750
0.403894171250
0.403877303000
0.403886109750
0.403859809000
0.403978362750
0.403964609000
0.403965980000
0.403941586750
0.403950020750
0.403932079750
0.403938219000
0.403926491750
0.403927520000
0.403908968000
0.404017836000
0.403906256000
0.404013961500
0.403999060250
0.403994172750
0.403981328000
0.403984680750
0.403966635500
0.403970584250
0.403960555750
0.403959617000
0.403943017000
0.404047399750
0.404036432500
0.404035017000
0.404033139250
0.404032841250
0.404014840750
0.404016420250
0.404000237500
0.403991028750
0.403979838000
0.403982177500
0.404067933500
0.404062539500
0.404040202500
0.404052958000
0.404032930750
0.404041171250
0.404034525000
0.404034972250
0.404017016250
0.404022574250
0.404018849000
0.404008835500
0.404012143500
0.404113620500
0.404000908250
0.404102981250
0.404096350000
0.404092252250
0.404089659500
0.404070183750
0.404076695250
0.404053270750
0.404059767750
0.404042333250
0.404055327000
0.404146537250
0.404042944250
0.404136449000
0.404138833250
0.404116511250
0.404126450500
0.404113784500
0.404118031250
0.404098883250
0.404110774500
0.404092699500
0.404096052000
0.404069543000
0.404074579500
0.404170945250
0.404066443250
0.404165357250
0.404166728250
0.404166087500
0.404163390500
0.404159128750
0.404149919750
0.404153004250
0.404132381000
0.404136046750
0.404115438500
0.404123649000
0.404104590500
0.404209166750
0.404191717500
0.404198974500
0.404178768500
0.404191330000
0.404174178750
0.404178366250
0.404159471250
0.404169380750
0.404154241000
0.404158726500
0.404150366750
0.404253259250
0.404226169000
0.404235765250
0.404213786250
0.404219701750
0.404206514500
0.404208481250
0.404194727500
0.404193774000
0.404175818000
0.404184773500
0.404170230250
0.404284477000
0.404265970000
0.404273569750
0.404260411750
0.404266819500
0.404262229750
0.404259562500
0.404254958000
0.404239833500
0.404237151000
0.404218122250
0.404228076500
0.404321834500
0.404205456500
0.404317706750
0.404310763000
0.404299080250
0.404300645000
0.404282152750
0.404282033250
0.404269188500
0.404275670500
0.404255092000
0.404266074250
0.404252350250
0.404266759750
0.404355779250
0.404256120250
0.404341623250
0.404352352000
0.404335528500
0.404338076750
0.404318034500
0.404320508250
0.404319256500
0.404314398750
0.404313162000
0.404303178250
0.404303357000
0.404285475750
0.404398337000
0.404275879250
0.404391080000
0.404374197000
0.404380917750
0.404362395250
0.404369115750
0.404347136500
0.404362201500
0.404344990750
0.404354363750
0.404339447500
0.404344797000
0.404420361000
0.404434800250
0.404416859000
0.404420674000
0.404399857000
0.404407709750
0.404393732500
0.404392227500
0.404376238500
0.404384389500
0.404376909250
0.404374316250
0.404366597500
0.404472261500
0.404358178500
0.404461443500
0.404459372250
0.404450714500
0.404445290750
0.404433578250
0.404437452500
0.404415488250
0.404417097750
0.404403105250
0.404405653500
0.404506176750
0.404399424750
0.404493212750
0.404492363250
0.404475107750
0.404483363000
0.404460251250
0.404471546500
0.404457539500
0.404457450000
0.404437750750
0.404443681000
0.404530540000
0.404432445750
0.404527828000
0.404526993750
0.404511839250
0.404515668750
0.404505670000
0.404512211500
0.404507368750
0.404495865000
0.404473930500
0.404481530250
0.404480308250
0.404474258250
0.404564052750
0.404456764500
0.404569625750
0.404564380750
0.404564649000
0.404550880250
0.404561937000
0.404547885250
0.404551223000
0.404532686000
0.404537662750
0.404527083250
0.404530406000
0.404509574000
0.404514923750
0.404513716500
0.404615760000
0.404599771000
0.404601648250
0.404599622000
0.404594958000
0.404590040250
0.404584139500
0.404579207250
0.404567167250
0.404571369250
0.404549420000
0.404553890250
0.404539331750
0.404547199500
0.404639020750
0.404643148250
0.404626056500
0.404635906250
0.404623866250
0.404625281750
0.404605597250
0.404610022750
0.404590904750
0.404598772500
0.404584795250
0.404586389500
0.404678732250
0.404576599500
0.404674858000
0.404673963750
0.404657393750
0.404665529750
0.404661238250
0.404659405500
0.404651731250
0.404642328750
0.404639154750
0.404628560000
0.404630169250
0.404614463500
0.404627427500
0.404718667250
0.404722571500
0.404704615500
0.404719650500
0.404699578750
0.404708907000
0.404695719500
0.404702216500
0.404699623500
0.404694944500
0.404688909500
0.404680267000
0.404677108000
0.404661968250
0.404667541250
0.404769629250
0.404764399000
0.404752656750
0.404733762250
0.404731750500
0.404725119500
0.404710859000
0.404708758000
0.404699966250
0.404699578750
0.404801145250
0.404690697750
0.404789865000
0.404786914500
0.404772341250
0.404776260250
0.404754862250
0.404761299500
0.404744729250
0.404753506250
0.404739126500
0.404739380000
0.404831737250
0.404730975750
0.404828518750
0.404829561750
0.404811501500
0.404817447250
0.404808208250
0.404807388750
0.404790729250
0.404796034000
0.404790327000
0.404782593250
0.404778808250
0.404775276750
0.404773846250
0.404758319250
0.404869929000
0.404865622500
0.404863760000
0.404848098750
0.404853671750
0.404835149500
0.404843315500
0.404831856500
0.404831498750
0.404814854250
0.404817372500
0.404800236250
0.404910221500
0.404892266000
0.404903516250
0.404887318750
0.404892862000
0.404883429500
0.404883086750
0.404866501750
0.404874667750
0.404872283250
0.404865667250
0.404860481500
0.404850468000
0.404855221500
0.404838651500
0.404845669750
0.404940590250
0.404932692750
0.404922679000
0.404921978750
0.404905751250
0.404896542500
0.404887676250
0.404882744000
0.404870704000
0.404871538250
0.404974356250
0.404970079750
0.404960855750
0.404961660500
0.404947668250
0.404952079000
0.404932946000
0.404944822250
0.404927984000
0.404933378250
0.404924154250
0.404926061750
0.404906630500
0.404915332750
0.405013456750
0.405000269500
0.404984548750
0.404995203000
0.404964238250
0.404967457000
0.404949918500
0.404953539250
0.405034825000
0.404932648000
0.405025258750
0.405028954250
0.405019492000
0.405019372750
0.405001416750
0.405009210000
0.404998690000
0.405004263000
0.404998198000
0.404997348750
0.404996067250
0.404983237500
0.404988214250
0.404970273250
0.405083715750
0.405073329750
0.405073568250
0.405056402000
0.405047550750
0.405036956000
0.405035168000
0.405020609500
0.405108094250
0.405002504500
0.405111059500
0.405103206750
0.405098870500
0.405093044000
0.405088722750
0.405074954000
0.405078038750
0.405057236500
0.405066743500
0.405047670000
0.405056685250
0.405030176000
0.405144751250
0.405130431250
0.405134573500
0.405117467000
0.405131861500
0.405115291250
0.405117780000
0.405099213000
0.405110508250
0.405093088750
0.405103236250
0.405102372250
0.405095175000
0.405094504250
0.405078247250
0.405083790250
0.405185297250
0.405179530250
0.405168742000
0.405168980500
0.405155778000
0.405162274750
0.405141145000
0.405152186750
0.405138149750
0.405139237500
0.405105844250
0.405117690500
0.405204951750
0.405210867500
0.405188024000
0.405194521000
0.405178457500
0.405183285500
0.405172348000
0.405170321500
0.405157446750
0.405161902500
0.405245781000
0.405151769500
0.405239030750
0.405243858750
0.405229523750
0.405236542250
0.405223921000
0.405229270250
0.405225515250
0.405219033250
0.405214130750
0.405209452000
0.405197754500
0.405190765750
0.405187025500
0.405173659250
0.405286744250
0.405280754000
0.405269801750
0.405259207000
0.405258834250
0.405246257750
0.405249327500
0.405232697750
0.405240371750
0.405224844750
0.405230790500
0.405212789750
0.405221864500
0.405307978500
0.405318662500
0.405302927000
0.405308306000
0.405285418250
0.405291944750
0.405282154750
0.405273825000
0.405257538000
0.405270382750
0.405249029250
0.405251205000
0.405342430000
0.405356005000
0.405336827000
0.405342236250
0.405339807250
0.405332669500
0.405329152750
0.405320853000
0.405321061500
0.405303865500
0.405307546250
0.405394449750
0.405376523750
0.405383572000
0.405376598000
0.405363187250
0.405370488750
0.405358225000
0.405362636000
0.405340656500
0.405346587250
0.405331134750
0.405339896750
0.405326143000
0.405329227250
0.405415341250
0.405319661000
0.405393093750
0.405410617500
0.405385256000
0.405394032750
0.405377447500
0.405386761000
0.405365631000
0.405378356750
0.405360043000
0.405360847500
0.405454933750
0.405354693500
0.405449420000
0.405449822750
0.405431911500
0.405433759000
0.405406981500
0.405414626000
0.405399128750
0.405395388500
0.405381649750
0.405388713000
0.405386045500
0.405368328000
0.405489653500
0.405482217750
0.405472740500
0.405470744000
0.405466079750
0.405453637250
0.405458629250
0.405436635000
0.405443132000
0.405418038500
0.405438170000
