0.005034953250
0.005343541500
0.005512356750
0.005676999750
0.005845323250
0.006014511000
0.006183102750
0.006350681250
0.006519839250
0.006682992000
0.006843090000
0.007005497750
0.007185697500
0.007359996500
0.007528230750
0.007696867000
0.007867992000
0.008040040750
0.008210390750
0.008382588750
0.008554682000
0.008728057250
0.008897289500
0.009059056500
0.009226799000
0.009402230250
0.009569361750
0.009740799500
0.009920448000
0.010094195500
0.010257169500
0.010429963500
0.010601461000
0.010775402250
0.010944604750
0.011117205000
0.011289820250
0.011460721500
0.011634171000
0.011794269250
0.011960551000
0.012137383250
0.012315675500
0.012480527250
0.012653172000
0.012832805500
0.013004869000
0.013172894750
0.013345748250
0.013518899500
0.013688892000
0.013862028750
0.014031797750
0.014204651000
0.014377236500
0.014548376250
0.014707297000
0.014885634000
0.015045955750
0.015207141750
0.015393048500
0.015566840750
0.015745327000
0.015912279500
0.016083106500
0.016250685000
0.016417056500
0.016598939750
0.016767591250
0.016941920000
0.017111852750
0.017281085250
0.017436266000
0.017613440750
0.017787978000
0.017963975750
0.018127501000
0.018302008500
0.018479734750
0.018655389500
0.018826872250
0.018998339750
0.019172310750
0.019340306500
0.019513160000
0.019684061500
0.019857242750
0.019949853250
0.020128190500
0.020303294000
0.020473629000
0.020645275500
0.020815014750
0.020981937500
0.021152496250
0.021328926250
0.021502316000
0.021660179000
0.021838441500
0.022003293000
0.022182136750
0.022348731750
0.022520199500
0.022693932000
0.022867307000
0.023036494750
0.023208201000
0.023377373750
0.023549676000
0.023721143500
0.023893132750
0.024063706500
0.024235770000
0.024394929500
0.024570956750
0.024740144500
0.024916395500
0.025079891000
0.025254413500
0.025433257250
0.025604724750
0.025775864750
0.025946200000
0.026116743500
0.026290863750
0.026462033500
0.026632309000
0.026802688750
0.026974901750
0.027145222000
0.027308449250
0.027474701250
0.027650758750
0.027829915250
0.027988851000
0.028167888500
0.028346181000
0.028521821000
0.028690531750
0.028863087250
0.029034778500
0.029198274000
0.029366001500
0.029547691500
0.029718563000
0.029890328750
0.030062303000
0.030221551750
0.030387833750
0.030551299500
0.030730426250
0.030906483500
0.031080991000
0.031259655750
0.031425684500
0.031599968750
0.031775429750
0.031945988500
0.032116905000
0.032290280000
0.032460600000
0.032629788000
0.032804310250
0.032975211750
0.033134386000
0.033313304000
0.033477351250
0.033639341500
0.033818244750
0.033993914750
0.034172177250
0.034348428250
0.034516468500
0.034690767500
0.034860745000
0.035030007250
0.035202786500
0.035373702750
0.035542890500
0.035714581750
0.035888329250
0.036047488500
0.036214813500
0.036391645750
0.036569371750
0.036735683750
0.036907941000
0.037085652500
0.037260800750
0.037424862250
0.037592321500
0.037764594000
0.037935525250
0.038108304250
0.038280367750
0.038449525750
0.038621798250
0.038781911000
0.038960963500
0.039125636250
0.039304152250
0.039465949000
0.039640814000
0.039813116250
0.039985090500
0.040167629750
0.040339067750
0.040507719000
0.040678829000
0.040851399250
0.041017442750
0.041187569500
0.041364774000
0.041537001750
0.041695341500
0.041874483250
0.042039111250
0.042217612250
0.042381674000
0.042555451250
0.042733386250
0.042908817500
0.043078229000
0.043251439750
0.043420061500
0.043595731250
0.043763175500
0.043935447750
0.044105217000
0.044279739250
0.044448345750
0.044610753750
0.044787571000
0.044948756750
0.045130699750
0.045297071500
0.045467928000
0.045643076250
0.045811682750
0.045986205250
0.046159193000
0.046326682000
0.046499520500
0.046672672000
0.046844929500
0.047013044500
0.047186985500
0.047359630500
0.047521963750
0.047686785500
0.047865078000
0.048027694250
0.048203706750
0.048381984250
0.048557087750
0.048728019000
0.048900306250
0.049069479000
0.049241468250
0.049401238750
0.049585819250
0.049757465500
0.049926623750
0.050101772000
0.050272628500
0.050435051500
0.050597042000
0.050778195250
0.050945356500
0.051121190000
0.051294923000
0.051473394000
0.051641494000
0.051817164000
0.051986932750
0.052160874000
0.052330643000
0.052504927000
0.052673250500
0.052846983000
0.053019270250
0.053189531000
0.053348526250
0.053527608500
0.053689941750
0.053866192750
0.054034292750
0.054208010250
0.054387644000
0.054561376500
0.054734811250
0.054905667750
0.055077374000
0.055246546750
0.055415228000
0.055588588250
0.055759519500
0.055929482000
0.056100398250
0.056261375500
0.056441128250
0.056604608750
0.056784242500
0.056950614000
0.057121515250
0.057299390250
0.057467475500
0.057639181750
0.057816326750
0.057986915000
0.058157205750
0.058330386750
0.058500379250
0.058671295500
0.058834403750
0.059016719500
0.059177383750
0.059353634750
0.059515938250
0.059697315000
0.059859663250
0.060023740000
0.060213118750
0.060387417750
0.060560792750
0.060731113000
0.060898870250
0.061067476750
0.061244458000
0.061415001750
0.061585858500
0.061758160750
0.061930209250
0.062090799250
0.062255740250
0.062431126750
0.062610268500
0.062773749250
0.062948823000
0.063127100250
0.063301980500
0.063470319000
0.063643440500
0.063817456250
0.063987732000
0.064157486000
0.064328044500
0.064498961000
0.064672976750
0.064842715750
0.065003916500
0.065180137750
0.065347105250
0.065523356250
0.065682873250
0.065861925500
0.066039621750
0.066211521500
0.066383823750
0.066557511750
0.066728666500
0.066897809500
0.067068189500
0.067240983250
0.067412436000
0.067584767750
0.067755565000
0.067914620000
0.068093672250
0.068245768750
0.068437352750
0.068600371500
0.068775981500
0.068941175750
0.069112062500
0.069280386000
0.069445014000
0.069627464000
0.069797262500
0.069968163750
0.070140451000
0.070311874250
0.070471108000
0.070641949750
0.070814237000
0.070992469750
0.071156427250
0.071330964500
0.071509242000
0.071680352250
0.071855813250
0.072027877000
0.072197869250
0.072370439750
0.072542145750
0.072712481000
0.072882801250
0.073056176250
0.073225930250
0.073386818250
0.073562860500
0.073726564750
0.073901444750
0.074072346250
0.074243486000
0.074422896000
0.074597433250
0.074769482000
0.074942052250
0.075113192250
0.075282365250
0.075455799750
0.075626075250
0.075798139000
0.075969845250
0.076140597500
0.076300352750
0.076476350500
0.076643437000
0.076819509250
0.076985240000
0.077160388250
0.077335804750
0.077513754500
0.077680110750
0.077854439500
0.078027248500
0.078200429750
0.078368142250
0.078541323500
0.078711882250
0.078871965250
0.079055920250
0.079213410500
0.079388827000
0.079552009500
0.079732611750
0.079894930250
0.080064922500
0.080248937000
0.080427423250
0.080596044750
0.080766365000
0.080937475000
0.081103667750
0.081279352250
0.081450790250
0.081625357250
0.081795707250
0.081965968000
0.082126855750
0.082302302000
0.082470059250
0.082645505750
0.082811802500
0.082983508500
0.083161786250
0.083337456000
0.083508938500
0.083680436000
0.083852663750
0.084022969000
0.084195837250
0.084368437500
0.084537878750
0.084708154250
0.084879621750
0.085039377250
0.085215404500
0.085380271000
0.085558533750
0.085719212750
0.085896030000
0.086075246500
0.086251512250
0.086421311000
0.086592182500
0.086763337250
0.086933642750
0.087105900000
0.087275072750
0.087449103500
0.087620482000
0.087790846750
0.087950542500
0.088128924500
0.088293790750
0.088472023500
0.088635519000
0.088810667500
0.088988393500
0.089164063500
0.089328706250
0.089494154000
0.089676946250
0.089846715250
0.090020716250
0.090188741750
0.090363815250
0.090528458500
0.090703934500
0.090863674750
0.091042414250
0.091210082000
0.091384381000
0.091549009000
0.091719567750
0.091897905000
0.092070713750
0.092241630000
0.092414990000
0.092583656500
0.092754498250
0.092925638000
0.093096539500
0.093267679250
0.093441978250
0.093600332750
0.093777179750
0.093934953250
0.094120308750
0.094286665500
0.094458133000
0.094637215250
0.094811514000
0.094984367500
0.095147282000
0.095316127000
0.095489323000
0.095658511000
0.095833033500
0.096000552000
0.096173733500
0.096332699250
0.096511006500
0.096675887750
0.096842780750
0.097019031750
0.097192734500
0.097371876250
0.097546160250
0.097715929000
0.097887069000
0.098060220250
0.098230779000
0.098403930750
0.098573699500
0.098745390750
0.098908886500
0.099087983500
0.099245801500
0.099424094000
0.099587276750
0.099767238000
0.099925831000
0.100095585000
0.100284874500
0.100459277500
0.100631267000
0.100801840500
0.100971028250
0.101137980750
0.101315692000
0.101483777250
0.101657152250
0.101829215750
0.102000341000
0.102159291500
0.102321609750
0.102502420500
0.102680757500
0.102845028000
0.103019327000
0.103197813000
0.103372707750
0.103544190500
0.103713020750
0.103885084250
0.104057878250
0.104227617500
0.104401424500
0.104572564250
0.104742810250
0.104914531000
0.105072394000
0.105251461250
0.105418324500
0.105594351750
0.105753541000
0.105936974500
0.106110766500
0.106286227750
0.106458276500
0.106629923000
0.106798574250
0.106973126500
0.107141107500
0.107315466000
0.107486009500
0.107654646000
0.107829198250
0.107985794500
0.108164981000
0.108329028000
0.108507305500
0.108674437000
0.108845368000
0.109024405500
0.109199315250
0.109367892250
0.109533339750
0.109716207000
0.109887853250
0.110061094250
0.110229700750
0.110401973250
0.110568866000
0.110745683250
0.110917180750
0.111078381500
0.111244768000
0.111418485750
0.111587941500
0.111763328500
0.111938491500
0.112116187750
0.112287104250
0.112457648000
0.112629085750
0.112800777000
0.112972855750
0.113141670750
0.113313749500
0.113486305000
0.113656297500
0.113812416750
0.113991484000
0.114157855750
0.114333868000
0.114500984500
0.114671305000
0.114850953000
0.115022435750
0.115183100000
0.115351945000
0.115525663000
0.115697384000
0.115867123000
0.116040989750
0.116214722500
0.116370797250
0.116547018250
0.116725891750
0.116890192000
0.117053687500
0.117234841000
0.117407650000
0.117584198750
0.117755383250
0.117925122500
0.118097216000
0.118270546250
0.118443146250
0.118614241500
0.118785187750
0.118947237750
0.119126051500
0.119298607250
0.119460091000
0.119638443000
0.119803309500
0.119965642750
0.120135411750
0.120320171000
0.120499074500
0.120670139750
0.120838210000
0.121007233750
0.121174380250
0.121343568000
0.121520400000
0.121692970500
0.121862963000
0.122033864250
0.122194528500
0.122373610750
0.122537657750
0.122716739750
0.122883096250
0.123054593750
0.123233065000
0.123408526250
0.123580247250
0.123751729750
0.123922258500
0.124093130250
0.124265193750
0.124437973000
0.124606639250
0.124778300500
0.124950349500
0.125109866250
0.125286698250
0.125453561750
0.125629842250
0.125796780000
0.125967472750
0.126146599500
0.126322001250
0.126494303500
0.126664087250
0.126830577750
0.127007216250
0.127180308000
0.127350926500
0.127522394250
0.127694696250
0.127866059500
0.128021076500
0.128200218250
0.128364279750
0.128543347000
0.128709673750
0.128880515750
0.129060223750
0.129231110250
0.129403963750
0.129565209250
0.129745975250
0.129918575500
0.130087777750
0.130262285500
0.130432009500
0.130602061750
0.130758136500
0.130934551250
0.131113618500
0.131277695250
0.131440311750
0.131620302750
0.131790280250
0.131972596000
0.132147476250
0.132316872500
0.132491186250
0.132661149000
0.132829189500
0.133001834250
0.133174106500
0.133344948500
0.133513853000
0.133685827250
0.133847654000
0.134014830000
0.134190782750
0.134357959000
0.134533420250
0.134707927750
0.134885624000
0.135054871500
0.135218590500
0.135390058000
0.135561719500
0.135729804500
0.135900631500
0.136072740000
0.136243686000
0.136406779250
0.136582270250
0.136749178250
0.136925458750
0.137092337000
0.137263476750
0.137434929500
0.137599244750
0.137767806750
0.137942716500
0.138111621000
0.138282418250
0.138455897500
0.138626784000
0.138780623500
0.138959705750
0.139137953500
0.139302864750
0.139469191250
0.139643162500
0.139819741250
0.139996930750
0.140161752750
0.140341758500
0.140510559000
0.140683814750
0.140851855500
0.141027912500
0.141190827000
0.141357988000
0.141537413000
0.141696363750
0.141873180750
0.142034947750
0.142216310000
0.142378702750
0.142553791250
0.142733216500
0.142909825000
0.143083214750
0.143250122750
0.143417820250
0.143589884000
0.143761307000
0.143933013000
0.144105658000
0.144275054500
0.144447058500
0.144606560500
0.144786283500
0.144949764000
0.145117446750
0.145295188000
0.145467490000
0.145645171500
0.145812645500
0.145989820500
0.146160200250
0.146330759000
0.146503910500
0.146675959250
0.146847099000
0.147016823250
0.147191375500
0.147360533500
0.147522971000
0.147699207000
0.147866070500
0.148042932250
0.148204639500
0.148380354000
0.148559272500
0.148733556250
0.148906350000
0.149077266500
0.149250135000
0.149419307750
0.149587318250
0.149762988250
0.149935052000
0.150106713000
0.150277048500
0.150436803500
0.150612265000
0.150774091500
0.150956407250
0.151122108250
0.151298955000
0.151472151500
0.151645898750
0.151818677750
0.151987865500
0.152163043500
0.152336776250
0.152506530250
0.152675926750
0.152849078000
0.153020769500
0.153191119500
0.153363973000
0.153525739750
0.153704002500
0.153867766250
0.154031261750
0.154211461750
0.154385194250
0.154564112250
0.154736340000
0.154907822750
0.155079528500
0.155250370500
0.155422434000
0.155593007750
0.155764460500
0.155938267750
0.156107440500
0.156281963000
0.156439259750
0.156617492500
0.156782954750
0.156960681250
0.157127782750
0.157299310000
0.157477557750
0.157652661250
0.157822996250
0.157993555000
0.158166185000
0.158338427500
0.158509865500
0.158678501750
0.158851340500
0.159018233500
0.159196809000
0.159355119000
0.159530580000
0.159693703000
0.159874320000
0.160033539000
0.160204962000
0.160390660000
0.160568654500
0.160737827500
0.160908773500
0.161079660000
0.161244526500
0.161417678000
0.161591395750
0.161764264000
0.161934048000
0.162107959500
0.162265762500
0.162438407500
0.162608951500
0.162787228750
0.162954390000
0.163125872750
0.163301259250
0.163479805000
0.163650736250
0.163824111000
0.163991630250
0.164164409000
0.164335325250
0.164508477000
0.164679035500
0.164849936750
0.165023326750
0.165196523250
0.165357187250
0.165524870250
0.165698603000
0.165867895000
0.166038245000
0.166217878500
0.166396156000
0.166567653500
0.166735887500
0.166906222500
0.167077303000
0.167247697750
0.167420223250
0.167590826750
0.167764038000
0.167936265500
0.168092340250
0.168270632750
0.168435469250
0.168613836000
0.168778121500
0.168952390500
0.169130414750
0.169297248000
0.169472739250
0.169631898500
0.169814765500
0.169988110750
0.170157909500
0.170328825750
0.170499950500
0.170668527500
0.170829832500
0.171005845000
0.171184122500
0.171348989000
0.171526178500
0.171691611500
0.171861365500
0.172044396500
0.172215879000
0.172387376500
0.172559604000
0.172728762000
0.172899320750
0.173072531750
0.173242867000
0.173417419000
0.173588886750
0.173760533250
0.173918962500
0.174098029750
0.174262091500
0.174440354000
0.174604699000
0.174778431750
0.174957484000
0.175132379000
0.175295278500
0.175466418250
0.175636738500
0.175810173250
0.175983175750
0.176151767250
